21.7259029741398990
53.9986360236071050
8.9552309946157038 
8.4425369859673083 
16.5791040053591132
23.3827789779752493
21.5547909610904753
60.8110820176079869
9.5839190180413425 
7.0310139562934637 
18.1563549558632076
29.3363269884139299
21.8601969536393881
63.0163190071471035
8.7204389856196940 
5.6690850178711116 
17.1758920187130570
28.5389589844271541
22.3766380222514272
71.7227809946052730
9.2528749955818057 
4.6877260319888592 
18.5518660000525415
32.5641250237822533
25.1283089746721089
118.410392955411225
16.0323510062880814
7.3557820287533104 
25.6093589705415070
50.7991870399564505
28.4144749748520553
167.015797982458025
15.5352380243130028
6.6368649713695049 
24.3295240215957165
63.3104880107566714
29.4476959970779717
2218.08289497857913
17.7221940248273313
5.7283490314148366 
25.4258320201188326
352.637861040420830
26.1191640165634453 
9841.199474991299212
25.3054809872992337 
22.4108860129490495 
33.0758239724673331 
4463.269017986021935