54.8838379909284413
53.5705410293303430
0.8698549936525524 
0.7127049611881375 
1.6194590134546161 
6.3653149991296232 
51.8626919947564602
42.4168210010975599
0.7771410164423287 
0.5216270219534636 
1.6345679759979248 
13.0407300312072039
43.6346819624304771
30.0373079953715205
0.5906579899601638 
0.2937790122814476 
1.2185359955765307 
9.8603820079006255 
48.2944960240274668
43.6263250303454697
0.8579750428907573 
0.4502210067585111 
1.9484299700707197 
12.7086580032482743
51.0362570057623088
48.0861249961890280
1.1822279775515199 
0.4793159896507859 
2.5300499983131886 
19.3202929804101586
43.5485970228910446
37.0420000399462879
0.7685070158913732 
0.2884709974750876 
1.7181240255013108 
13.8479360030032694
43.5796919628046453
43.3421149500645697
0.8736730087548494 
0.3296340000815690 
1.9385569612495601 
19.0147819812409580
41.0925880423747003
72.0708809676580131
0.7365160272456706 
0.2591300290077925 
1.5972260152921081 
28.7626700010150671